  1    80    81    82    83    84    85    86    87    88    89    90    91    92    93    94
---  ----  ----  ----  ----  ----  ----  ----  ----  ----  ----  ----  ----  ----  ----  ----
  1    80    81    82    83    84    85    86    87    88    89    90    91    92    93    94
  2   160   162   164   166   168   170   172   174   176   178   180   182   184   186   188
  3   240   243   246   249   252   255   258   261   264   267   270   273   276   279   282
  4   320   324   328   332   336   340   344   348   352   356   360   364   368   372   376
  5   400   405   410   415   420   425   430   435   440   445   450   455   460   465   470
  6   480   486   492   498   504   510   516   522   528   534   540   546   552   558   564
  7   560   567   574   581   588   595   602   609   616   623   630   637   644   651   658
  8   640   648   656   664   672   680   688   696   704   712   720   728   736   744   752
  9   720   729   738   747   756   765   774   783   792   801   810   819   828   837   846
 10   800   810   820   830   840   850   860   870   880   890   900   910   920   930   940
 11   880   891   902   913   924   935   946   957   968   979   990  1001  1012  1023  1034
 12   960   972   984   996  1008  1020  1032  1044  1056  1068  1080  1092  1104  1116  1128